[SelectBG 300] ;CADRE STATS P1
type  = anim
actionno = 300,0
start = 0,0
layerno = 1
mask = 1

[Begin Action 300,0]

300,0,-30,0,1
300,0,-60,0,1
300,0,-90,0,1
300,0,-120,0,1
300,0,-150,0,1
300,0,-180,0,1
300,0,-210,0,1
300,0,-240,0,1
300,0,-270,0,1
300,0,-300,0,1
300,0,-330,0,1
300,0,-360,0,1
300,0,-390,0,1
300,0,-420,0,1
300,0,-450,0,1
300,0,-480,0,1
300,0,-510,0,1
300,0,-540,0,1
300,0,-570,0,1
300,0,-600,0,1
300,0,-630,0,1
300,0,-660,0,1
300,0,-690,0,1
300,0,-720,0,1
300,0,-750,0,1
300,0,-780,0,1
300,0,-810,0,1
300,0,-835,0,1
300,0,-860,0,200
300,0,10000,10000,-1



[SelectBG 301] ;CADRE STATS P2
type  = anim
actionno = 301,0
start = 0,0
layerno = 1
mask = 1

[Begin Action 301,0]

301,0,0,0,30
301,0,30,0,1
301,0,60,0,1
301,0,90,0,1
301,0,120,0,1
301,0,150,0,1
301,0,180,0,1
301,0,210,0,1
301,0,240,0,1
301,0,270,0,1
301,0,300,0,1
301,0,330,0,1
301,0,360,0,1
301,0,390,0,1
301,0,420,0,1
301,0,450,0,1
301,0,480,0,1
301,0,510,0,1
301,0,540,0,1
301,0,570,0,1
301,0,600,0,1
301,0,630,0,1
301,0,660,0,1
301,0,690,0,1
301,0,720,0,1
301,0,750,0,1
301,0,780,0,1
301,0,810,0,1
301,0,835,0,1
301,0,860,0,200
301,0,10000,10000,-1

;[SelectBG 306] ;END
;type  = anim
;actionno = 306,0
;start = 0,0
;layerno = 1
;mask = 1

;[Begin Action 306,0]

;306,0,10000,10000,200
;306,0,0,0,2
;306,1,0,0,2
;306,2,0,0,2
;306,3,0,0,2
;306,4,0,0,2
;306,5,0,0,60
;306,5,10000,10000,-1